0.275739
0.363911
0.448299
0.529396
0.607435
0.682581
0.754968
0.824717
0.891938
0.956735
1.01921
1.07945
1.13754
1.19358
1.24765
1.29981
1.35015
1.39874
1.44565
1.49093
1.53466
1.57689
1.61769
1.6571
1.69519
1.73199
1.76757
1.80196
1.83521
1.86737
1.89847
1.92856
1.95768
1.98585
2.01313
2.03953
2.06509
2.08984
2.11382
2.13705
2.15955
2.18136
2.20251
2.223
2.24288
2.26215
2.28085
2.29899
2.31659
2.33367
2.35026
2.36636
2.38199
2.39718
2.41193
2.42627
2.4402
2.45374
2.46691
2.47971
2.49216
2.50428
2.51606
2.52753
2.53869
2.54956
2.56014
2.57045
2.58049
2.59027
2.5998
2.60909
2.61814
2.62697
2.63558
2.64398
2.65217
2.66017
2.66797
2.67558
2.68302
2.69028
2.69737
2.70429
2.71106
2.71767
2.72414
2.73046
2.73663
2.74267
2.74858
2.75436
2.76002
2.76555
2.77097
2.77627
2.78145
2.78691
2.78442
2.9375
